------------------------test 1:lamb=0.5,delta=0.9---------------------------------
the reward is: [0, 1.0, 0.5, 0.33333333333333331, 0.25, 0.40000000000000002, 0.5, 0.5714285714285714, 0.5, 0.44444444444444442, 0.5, 0.45454545454545453, 0.41666666666666669, 0.38461538461538464, 0.35714285714285715, 0.40000000000000002, 0.4375, 0.47058823529411764, 0.44444444444444442, 0.42105263157894735, 0.45000000000000001, 0.42857142857142855, 0.40909090909090912, 0.39130434782608697, 0.41666666666666669, 0.44, 0.42307692307692307, 0.44444444444444442, 0.42857142857142855, 0.41379310344827586, 0.40000000000000002, 0.41935483870967744, 0.4375, 0.42424242424242425, 0.41176470588235292, 0.40000000000000002, 0.41666666666666669, 0.40540540540540543, 0.39473684210526316, 0.38461538461538464, 0.375, 0.36585365853658536, 0.35714285714285715, 0.34883720930232559, 0.34090909090909088, 0.34782608695652173, 0.34042553191489361, 0.35416666666666669, 0.34693877551020408, 0.35999999999999999, 0.35294117647058826, 0.34615384615384615, 0.33962264150943394, 0.33333333333333331, 0.32727272727272727, 0.32142857142857145, 0.31578947368421051, 0.31034482758620691, 0.30508474576271188, 0.29999999999999999, 0.29508196721311475, 0.29032258064516131, 0.2857142857142857, 0.28125, 0.27692307692307694, 0.2878787878787879, 0.29850746268656714, 0.28985507246376813, 0.2857142857142857, 0.29577464788732394, 0.30555555555555558, 0.30136986301369861, 0.3108108108108108, 0.30666666666666664, 0.30263157894736842, 0.29870129870129869, 0.29487179487179488, 0.30379746835443039, 0.29999999999999999, 0.29629629629629628, 0.29268292682926828, 0.28915662650602408, 0.2857142857142857, 0.29411764705882354, 0.29069767441860467, 0.28735632183908044, 0.28409090909090912, 0.29213483146067415, 0.28888888888888886, 0.2967032967032967, 0.29347826086956524, 0.29032258064516131, 0.28723404255319152, 0.28421052631578947]
cnt is: 95
expl_n is 106.0
expl_rate is 0.252380952381

-------------------------test 2:lamb=0.3,delta=0.1-----------------------------------
the reward is: [0, 0.0, 0.0, 0.0, 0.25, 0.20000000000000001, 0.33333333333333331, 0.42857142857142855, 0.5, 0.55555555555555558, 0.5, 0.45454545454545453, 0.5, 0.46153846153846156, 0.42857142857142855, 0.46666666666666667, 0.4375, 0.41176470588235292, 0.3888888888888889, 0.42105263157894735, 0.40000000000000002, 0.38095238095238093, 0.40909090909090912, 0.39130434782608697, 0.375, 0.35999999999999999, 0.34615384615384615, 0.37037037037037035, 0.35714285714285715, 0.34482758620689657, 0.36666666666666664, 0.35483870967741937, 0.34375, 0.33333333333333331, 0.3235294117647059, 0.31428571428571428, 0.30555555555555558, 0.32432432432432434, 0.34210526315789475, 0.33333333333333331, 0.32500000000000001, 0.34146341463414637, 0.35714285714285715, 0.37209302325581395, 0.38636363636363635, 0.36956521739130432, 0.36170212765957449, 0.375, 0.36734693877551022, 0.35999999999999999, 0.35294117647058826, 0.34615384615384615, 0.33962264150943394, 0.33333333333333331, 0.32727272727272727, 0.32142857142857145, 0.31578947368421051, 0.31034482758620691, 0.32203389830508472, 0.31666666666666665, 0.31147540983606559, 0.30645161290322581, 0.30158730158730157, 0.3125, 0.32307692307692309, 0.33333333333333331, 0.32835820895522388, 0.3235294117647059, 0.3188405797101449, 0.31428571428571428, 0.30985915492957744, 0.30555555555555558, 0.30136986301369861, 0.3108108108108108, 0.30666666666666664, 0.30263157894736842, 0.29870129870129869, 0.30769230769230771, 0.30379746835443039, 0.29999999999999999, 0.29629629629629628, 0.29268292682926828, 0.28915662650602408, 0.2857142857142857, 0.29069767441860467, 0.2988505747126437, 0.29545454545454547, 0.29213483146067415, 0.29999999999999999, 0.2967032967032967, 0.29347826086956524, 0.30107526881720431, 0.2978723404255319, 0.29473684210526313, 0.29166666666666669, 0.28865979381443296, 0.2857142857142857, 0.29292929292929293, 0.28999999999999998, 0.28712871287128711, 0.28155339805825241, 0.28846153846153844, 0.2857142857142857, 0.28301886792452829, 0.28037383177570091, 0.27777777777777779, 0.27522935779816515, 0.27272727272727271, 0.27027027027027029, 0.26785714285714285, 0.27433628318584069, 0.26956521739130435, 0.26724137931034481, 0.27350427350427353, 0.27966101694915252, 0.27500000000000002, 0.27272727272727271, 0.27049180327868855, 0.27642276422764228, 0.27419354838709675, 0.27200000000000002, 0.26984126984126983, 0.26771653543307089, 0.265625, 0.27131782945736432, 0.27692307692307694, 0.28244274809160308, 0.28030303030303028, 0.2781954887218045, 0.28358208955223879, 0.2814814814814815, 0.27941176470588236, 0.28467153284671531, 0.28260869565217389, 0.2805755395683453, 0.2857142857142857, 0.28368794326241137, 0.28873239436619719, 0.28671328671328672, 0.29166666666666669, 0.28965517241379313, 0.28767123287671231, 0.2857142857142857, 0.28378378378378377, 0.28187919463087246, 0.28000000000000003, 0.27814569536423839, 0.27631578947368424, 0.27450980392156865, 0.2792207792207792, 0.27741935483870966, 0.28205128205128205, 0.27848101265822783, 0.27672955974842767, 0.27950310559006208, 0.27777777777777779, 0.27607361963190186, 0.28048780487804881, 0.27878787878787881, 0.28313253012048195, 0.28742514970059879, 0.2857142857142857, 0.28402366863905326, 0.28235294117647058, 0.2807017543859649, 0.28488372093023256, 0.28901734104046245, 0.28735632183908044, 0.29142857142857143, 0.29545454545454547, 0.29213483146067415, 0.29050279329608941, 0.28888888888888886, 0.287292817679558, 0.2857142857142857, 0.28415300546448086, 0.28260869565217389, 0.2864864864864865, 0.28494623655913981, 0.28342245989304815, 0.28191489361702127, 0.28042328042328041, 0.27894736842105261, 0.27748691099476441, 0.27604166666666669, 0.27461139896373055, 0.27835051546391754, 0.27692307692307694, 0.27551020408163263, 0.27272727272727271, 0.271356783919598, 0.27000000000000002, 0.26865671641791045, 0.2722772277227723]
cnt is: 202
expl_n is 48.0
expl_rate is 0.114285714286

-------------------------test3: lamb=0.5,delta=0.1------------------------
the reward is: [0, 0.0, 0.5, 0.33333333333333331, 0.25, 0.20000000000000001, 0.2857142857142857, 0.25, 0.22222222222222221, 0.20000000000000001, 0.27272727272727271, 0.25, 0.23076923076923078, 0.21428571428571427, 0.26666666666666666, 0.25, 0.23529411764705882, 0.22222222222222221, 0.26315789473684209, 0.25, 0.23809523809523808, 0.27272727272727271, 0.2608695652173913, 0.25, 0.23999999999999999, 0.23076923076923078, 0.22222222222222221, 0.21428571428571427, 0.20689655172413793, 0.23333333333333334, 0.22580645161290322, 0.21875, 0.21212121212121213, 0.23529411764705882, 0.22857142857142856, 0.22222222222222221, 0.21621621621621623, 0.23684210526315788, 0.23076923076923078, 0.25, 0.24390243902439024, 0.26190476190476192, 0.2558139534883721, 0.27272727272727271, 0.26666666666666666, 0.28260869565217389, 0.2978723404255319, 0.29166666666666669, 0.2857142857142857, 0.29999999999999999, 0.31372549019607843, 0.30769230769230771, 0.30188679245283018, 0.29629629629629628, 0.29090909090909089, 0.30357142857142855, 0.31034482758620691, 0.30508474576271188, 0.29999999999999999, 0.29508196721311475, 0.30645161290322581, 0.30158730158730157, 0.296875, 0.30769230769230771, 0.30303030303030304, 0.29850746268656714, 0.29411764705882354, 0.28985507246376813, 0.2857142857142857, 0.29577464788732394, 0.29166666666666669, 0.28767123287671231, 0.28378378378378377, 0.28000000000000003, 0.28947368421052633, 0.2857142857142857, 0.28205128205128205, 0.27848101265822783, 0.27500000000000002, 0.27160493827160492, 0.26829268292682928, 0.26506024096385544, 0.26190476190476192, 0.25882352941176473, 0.2558139534883721, 0.26436781609195403, 0.26136363636363635, 0.2696629213483146, 0.26666666666666666]
cnt is: 90
expl_n is 67.0
expl_rate is 0.159523809524

----------------------test4:lamb=0.5,delta=0.9--------------------------------
the reward is: [0, 0.0, 0.0, 0.0, 0.0, 0.0, 0.0, 0.14285714285714285, 0.25, 0.22222222222222221, 0.20000000000000001, 0.18181818181818182, 0.16666666666666666, 0.15384615384615385, 0.14285714285714285, 0.13333333333333333, 0.125, 0.11764705882352941, 0.1111111111111111, 0.10526315789473684, 0.10000000000000001, 0.095238095238095233, 0.090909090909090912, 0.13043478260869565, 0.16666666666666666, 0.16, 0.15384615384615385, 0.14814814814814814, 0.14285714285714285, 0.17241379310344829, 0.20000000000000001, 0.19354838709677419, 0.1875, 0.18181818181818182, 0.17647058823529413, 0.17142857142857143, 0.19444444444444445, 0.1891891891891892, 0.18421052631578946, 0.17948717948717949, 0.20000000000000001, 0.1951219512195122, 0.19047619047619047, 0.18604651162790697, 0.18181818181818182, 0.20000000000000001, 0.19565217391304349, 0.19148936170212766, 0.1875, 0.20408163265306123, 0.22, 0.21568627450980393, 0.21153846153846154, 0.20754716981132076, 0.20370370370370369, 0.20000000000000001, 0.19642857142857142, 0.19298245614035087]
cnt is: 57
expl_n is 57.0
expl_rate is 0.135714285714

----------------------test5:lamb=0.5, delta=0.9------------------------
the reward is: [0, 0.0, 0.0, 0.0, 0.0, 0.0, 0.0, 0.0, 0.125, 0.22222222222222221, 0.20000000000000001, 0.27272727272727271, 0.25, 0.23076923076923078, 0.21428571428571427, 0.20000000000000001, 0.1875, 0.17647058823529413, 0.22222222222222221, 0.26315789473684209, 0.29999999999999999, 0.33333333333333331, 0.31818181818181818, 0.34782608695652173, 0.33333333333333331, 0.35999999999999999, 0.34615384615384615, 0.33333333333333331, 0.35714285714285715, 0.34482758620689657, 0.33333333333333331, 0.32258064516129031, 0.3125, 0.30303030303030304, 0.29411764705882354, 0.2857142857142857, 0.27777777777777779, 0.27027027027027029, 0.26315789473684209, 0.25641025641025639, 0.27500000000000002, 0.29268292682926828, 0.30952380952380953, 0.30232558139534882, 0.31818181818181818, 0.31111111111111112, 0.32608695652173914, 0.34042553191489361]
cnt is: 47
expl_n is 56.0
expl_rate is 0.133333333333