the reward is: [0, 0.0, 0.0, 0.0, 0.25, 0.20000000000000001, 0.16666666666666666, 0.14285714285714285, 0.125, 0.1111111111111111, 0.10000000000000001, 0.090909090909090912, 0.16666666666666666, 0.23076923076923078, 0.21428571428571427, 0.20000000000000001, 0.1875, 0.17647058823529413, 0.16666666666666666, 0.21052631578947367, 0.20000000000000001, 0.19047619047619047, 0.18181818181818182, 0.21739130434782608, 0.20833333333333334, 0.20000000000000001, 0.18518518518518517, 0.21428571428571427, 0.20689655172413793, 0.20000000000000001, 0.19354838709677419, 0.1875, 0.21212121212121213, 0.20000000000000001, 0.19444444444444445, 0.1891891891891892, 0.18421052631578946, 0.17948717948717949]
cnt is: 39


the reward is: [0, 0.0, 0.0, 0.33333333333333331, 0.25, 0.20000000000000001, 0.33333333333333331, 0.2857142857142857, 0.25, 0.22222222222222221, 0.29999999999999999, 0.27272727272727271, 0.25, 0.23076923076923078, 0.2857142857142857, 0.33333333333333331, 0.35294117647058826, 0.33333333333333331, 0.31578947368421051, 0.29999999999999999, 0.2857142857142857, 0.27272727272727271, 0.2608695652173913, 0.25, 0.23999999999999999, 0.23076923076923078, 0.25925925925925924, 0.2857142857142857, 0.27586206896551724, 0.29999999999999999, 0.32258064516129031, 0.3125, 0.30303030303030304, 0.29411764705882354, 0.2857142857142857]
cnt is: 35
expl_n is 293.0
expl_rate is 0.745547073791

the reward is: [0, 0.0, 0.0, 0.0, 0.25, 0.20000000000000001, 0.16666666666666666, 0.125, 0.22222222222222221, 0.20000000000000001, 0.18181818181818182, 0.16666666666666666, 0.15384615384615385, 0.21428571428571427, 0.20000000000000001, 0.25, 0.29411764705882354, 0.27777777777777779, 0.26315789473684209, 0.25, 0.23809523809523808, 0.22727272727272727, 0.21739130434782608, 0.20833333333333334, 0.20000000000000001, 0.23076923076923078, 0.22222222222222221, 0.25, 0.27586206896551724, 0.26666666666666666, 0.25806451612903225, 0.25, 0.24242424242424243, 0.23529411764705882, 0.22857142857142856, 0.22222222222222221, 0.21621621621621623, 0.21052631578947367, 0.20512820512820512, 0.20000000000000001, 0.1951219512195122]
cnt is: 41
expl_n is 301.0
expl_rate is 0.765903307888

the reward is: [0, 1.0, 0.5, 0.33333333333333331, 0.25, 0.20000000000000001, 0.16666666666666666, 0.14285714285714285, 0.125, 0.1111111111111111, 0.10000000000000001, 0.18181818181818182, 0.25, 0.30769230769230771, 0.2857142857142857, 0.25, 0.23529411764705882, 0.22222222222222221, 0.21052631578947367, 0.25, 0.23809523809523808, 0.22727272727272727, 0.21739130434782608, 0.25, 0.28000000000000003, 0.26923076923076922, 0.25925925925925924, 0.25, 0.2413793103448276, 0.23333333333333334, 0.22580645161290322, 0.21875, 0.21212121212121213, 0.20588235294117646, 0.20000000000000001, 0.19444444444444445, 0.1891891891891892]
cnt is: 37
expl_n is 295.0
expl_rate is 0.750636132316

the reward is: [0, 0.0, 0.5, 0.33333333333333331, 0.25, 0.20000000000000001, 0.16666666666666666, 0.14285714285714285, 0.25, 0.33333333333333331, 0.29999999999999999, 0.36363636363636365, 0.33333333333333331, 0.30769230769230771, 0.35714285714285715, 0.33333333333333331, 0.3125, 0.29411764705882354, 0.27777777777777779, 0.31578947368421051, 0.34999999999999998, 0.33333333333333331, 0.31818181818181818, 0.30434782608695654, 0.29166666666666669, 0.28000000000000003, 0.30769230769230771, 0.29629629629629628, 0.2857142857142857, 0.27586206896551724, 0.29999999999999999, 0.32258064516129031, 0.3125, 0.33333333333333331, 0.3235294117647059, 0.31428571428571428, 0.33333333333333331, 0.32432432432432434, 0.31578947368421051, 0.30769230769230771, 0.32500000000000001]
cnt is: 40
expl_n is 294.0
expl_rate is 0.748091603053


the reward is: [0, 0.0, 0.0, 0.33333333333333331, 0.25, 0.20000000000000001, 0.33333333333333331, 0.2857142857142857, 0.25, 0.22222222222222221, 0.20000000000000001, 0.18181818181818182, 0.16666666666666666, 0.15384615384615385, 0.21428571428571427, 0.20000000000000001, 0.1875, 0.17647058823529413, 0.16666666666666666, 0.15789473684210525, 0.14999999999999999, 0.19047619047619047, 0.22727272727272727, 0.21739130434782608, 0.20833333333333334, 0.20000000000000001, 0.19230769230769232, 0.18518518518518517, 0.17857142857142858, 0.17241379310344829, 0.16666666666666666, 0.16129032258064516, 0.15625, 0.18181818181818182, 0.17647058823529413, 0.17142857142857143, 0.16666666666666666, 0.16216216216216217, 0.18421052631578946]
cnt is: 38
expl_n is 292.0
expl_rate is 0.743002544529
